20210131144352
20210201221658
20210309054255
20210311172033
20210415192839
20210507162428
20210514192442
20210604112228
20210613174950
20210613224400
20210621191109
20210623191930
20210705211517
20210721114331
20210812180015
20210814041521
20210907055456
20210922020055
20211001220508
20211003012805
20211011120219
20211015161116
20211118192407
20211127090757
20211207075326
20211214173813
20211221110252
20211224032213
20211230114209
20220112202824
20220122132631
20220126080329
20220223210303
20220308062951
20220320025007
20220324193549
20220324193625
20220516173733
20220523185525
20220526142742
20220604195943
