 
Göstergeler
Zaman
Düzey
Rapor
Rapora ilişkin farklı değişkenleri satır ve sütunlar arasında yer değiştirebilirsiniz.
Satır
Ölçüm


Kırılım


Yıl


Sütun
Düzey


Ay


Dönem


Güncelle
 
			

	
Sütunlar


Satırlar
	
Türkiye-TR


01-Ocak
	
02-Şubat
	
03-Mart
	
04-Nisan
	
05-Mayıs
	
06-Haziran
	
07-Temmuz
	
08-Ağustos
	
09-Eylül
	
10-Ekim
	
11-Kasım
	
12-Aralık


	
	
	
	
	
	
	
	
	
	
	


2.5545
	
2.5714
	
2.5828
	
2.6108
	
2.6426
	
2.6541
	
2.6493
	
2.6559
	
2.6832
	
2.6743
	
2.6982
	
2.7035


2.79
	
2.8066
	
2.8174
	
2.8234
	
2.7915
	
2.821
	
2.9192
	
2.9769
	
2.9847
	
2.9971
	
2.9576
	
2.9496


2.9989
	
3.0334
	
3.0921
	
3.1054
	
3.1112
	
3.1153
	
3.1393
	
3.1762
	
3.1805
	
3.178
	
3.1803
	
3.2438


3.3146
	
3.3868
	
3.553
	
4.6532
	
5.0508
	
5.146
	
5.2003
	
5.1571
	
4.9374
	
4.6176
	
4.7222
	
4.7037


4.5054
	
4.4911
	
4.5989
	
4.6795
	
4.7385
	
4.7974
	
4.8481
	
4.8945
	
4.8953
	
4.8358
	
4.8127
	
4.7974


4.8458
	
4.8683
	
4.8826
	
4.8838
	
4.8491
	
4.6628
	
4.6272
	
4.5416
	
4.5246
	
4.5558
	
4.6132
	
4.6239


4.6093
	
4.6375
	
4.6455
	
4.6479
	
4.6297
	
4.6132
	
4.5999
	
4.5893
	
4.5381
	
4.5086
	
4.4415
	
4.395


4.3293
	
4.2976
	
4.2846
	
4.2538
	
4.236
	
4.249
	
4.2521
	
4.2443
	
4.245
	
4.2566
	
4.2786
	
4.3269


4.2847
	
4.3382
	
4.383
	
4.4232
	
4.492
	
4.5786
	
4.6005
	
4.613
	
4.6386
	
4.655
	
4.7865
	
5.1337


5.5099
	
5.8146
	
6.0014
	
6.3202
	
6.5173
	
6.6019
	
6.6503
	
6.6866
	
6.6035
	
6.5502
	
6.6839
	
6.7458


6.7536
	
6.7628
	
6.7656
	
6.7203
	
6.7005
	
6.6268
	
6.5549
	
6.5381
	
6.5062
	
6.4513
	
6.45
	
6.4682


6.4761
	
6.4067
	
6.3285
	
6.2738
	
6.2113
	
6.1359
	
6.1108
	
6.0983
	
6.0712
	
6.0864
	
6.1383
	
6.2266


6.2986
	
6.5794
	
6.8427
	
6.916
	
6.9455
	
7.0126
	
7.0734
	
7.1118
	
7.1388
	
7.1981
	
7.5716
	
7.8575


7.7321
	
7.7563
	
7.7952
	
7.8248
	
7.8543
	
8.0722
	
8.3216
	
8.4695
	
8.8124
	
9.1428
	
9.296
	
9.3896


8.4275
	
8.7656
	
8.8101
	
8.9266
	
9.1866
	
9.2781
	
9.4634
	
9.4681
	
9.5
	
9.4346
	
9.4267
	
9.5616


9.6621
	
9.702
	
9.8649
	
10.2288
	
10.5388
	
10.796
	
10.7874
	
10.7523
	
10.8252
	
11.3399
	
11.9541
	
12.6506


12.8018
	
12.8107
	
12.8479
	
12.8719
	
12.9061
	
12.9645
	
12.9481
	
12.984
	
13.0078
	
12.8113
	
13.0396
	
14.8318


14.8289
	
15.1403
	
15.1767
	
16.5981
	
 
	
 
	
 
	
 
	
 
	
 
	
 
	
 


1.0878
	
1.0928
	
1.0961
	
1.09
	
1.0903
	
1.09
	
1.0923
	
1.0923
	
1.0919
	
1.0964
	
1.0973
	
1.1033


1.11
	
1.1093
	
1.1136
	
1.115
	
1.1129
	
1.1135
	
1.1208
	
1.14
	
1.1653
	
1.166
	
1.1701
	
1.1662


1.1788
	
1.1838
	
1.2107
	
1.2116
	
1.2096
	
1.2167
	
1.2316
	
1.2662
	
1.3118
	
1.3561
	
1.3934
	
1.4102


1.4213
	
1.4377
	
1.4933
	
1.5642
	
1.589
	
1.6072
	
1.6168
	
1.6295
	
1.62
	
1.6041
	
1.588
	
1.5848


1.5919
	
1.5914
	
1.6084
	
1.6162
	
1.6196
	
1.616
	
1.6112
	
1.5971
	
1.5823
	
1.5893
	
1.5893
	
1.586


1.5916
	
1.602
	
1.6074
	
1.6062
	
1.6019
	
1.6047
	
1.6098
	
1.602
	
1.6335
	
1.691
	
1.7255
	
1.687


1.7621
	
1.8354
	
1.8678
	
1.8766
	
1.8794
	
1.8887
	
1.8808
	
1.8708
	
1.8845
	
1.8968
	
1.897
	
1.8792


1.9087
	
1.912
	
1.8974
	
1.9122
	
1.9051
	
1.9185
	
1.9215
	
1.9307
	
1.9864
	
2.0263
	
2.0357
	
2.075


2.0838
	
2.1008
	
2.1279
	
2.1616
	
2.1988
	
2.2139
	
2.2087
	
2.2087
	
2.2166
	
2.2385
	
2.2671
	
2.3416


2.3921
	
2.4358
	
2.4724
	
2.543
	
2.5845
	
2.6028
	
2.5997
	
2.6186
	
2.6225
	
2.6434
	
2.6671
	
2.6824


2.6919
	
2.7122
	
2.6934
	
2.7018
	
2.7192
	
2.7341
	
2.7335
	
2.7388
	
2.7396
	
2.7503
	
2.8073
	
2.8404


2.8657
	
2.8958
	
2.9318
	
2.9622
	
2.9531
	
2.9508
	
2.9561
	
2.9433
	
2.9512
	
2.9216
	
2.9313
	
2.9609




Tüketici Madde Fiyatları (2003=100)
	
0111101. (Pirinç)
	
2005


2006


2007


2008


2009


2010


2011


2012


2013


2014


2015


2016


2017


2018


2019


2020


2021


2022


0111201. (Buğday Unu)
	
2005


2006


2007


2008


2009


2010


2011


2012


2013


2014


2015


2016


 / 23
(1) Gizli Veri

(2) Uygulanamamıştır

(3) İstatistiki birim sayısının üçten az olması nedeniyle gizlenmiştir

(4) İstatistiki birim sayısı üç ve daha fazla olduğu halde herhangi bir birime ait bilginin o hücredeki toplam bilginin % 80'den fazlasını oluşturması nedeniyle gizlenmiştir

(5) İki birime ait bilginin % 90'dan fazlasını oluşturması nedeniyle gizlenmiştir

(6) Bilgi yoktur

 

Hücrelerde metaveri bulunmaktadır, görüntülemek için ilgili hücrede sağ tıklayınız.
 
 
 Geri
 Yardım  
Seçilen gösterge adedi: 40   X   Seçilen düzey adedi: 1   X   Seçilen zaman adedi: 208   çarpımının sonucu 50000'i geçemez!